#EXP	Thu Mar 25 00:22:30 1999 [skipped records from 0 to 0]
"  TIME  "	"CLIK"	"DISTANCE"	"V(pix/sec)"	A(pix/sec^2)
   0.100	  0	 229.105	 108.952	  1089.522
   0.200	  0	 229.105	   0.000	  1089.522
   0.300	  0	 229.105	   0.000	     0.000
   0.400	  0	 229.105	   0.000	     0.000
   0.500	  0	 229.105	   0.000	     0.000
   0.600	  0	 229.105	   0.000	     0.000
   0.700	  0	 229.105	   0.000	     0.000
   0.800	  0	 229.105	   0.000	     0.000
   0.900	  0	 229.105	   0.000	     0.000
   1.000	  0	 229.105	   0.000	     0.000
   1.100	  0	 229.105	   0.000	     0.000
   1.200	  0	 229.105	   0.000	     0.000
   1.300	  0	 229.105	   0.000	     0.000
   1.400	  0	 229.105	   0.000	     0.000
   1.500	  0	 229.105	   0.000	     0.000
   1.600	  0	 229.105	   0.000	     0.000
   1.700	  0	 229.105	   0.000	     0.000
   1.800	  0	 229.105	   0.000	     0.000
   1.900	  0	 229.105	   0.000	     0.000
   2.000	  0	 229.105	   0.000	     0.000
   2.100	  0	 229.105	   0.000	     0.000
   2.200	  0	 229.105	   0.000	     0.000
   2.300	  0	 229.105	   0.000	     0.000
   2.400	  0	 229.105	   0.000	     0.000
   2.500	  0	 229.105	   0.000	     0.000
   2.600	  0	 229.105	   0.000	     0.000
   2.700	  0	 229.105	   0.000	     0.000
   2.800	  0	 229.105	   0.000	     0.000
   2.900	  0	 229.105	   0.000	     0.000
   3.000	  0	 229.105	   0.000	     0.000
   3.100	  0	 229.105	   0.000	     0.000
   3.200	  0	 229.105	   0.000	     0.000
   3.300	  0	 229.105	   0.000	     0.000
   3.400	  0	 229.105	   0.000	     0.000
   3.500	  0	 229.105	   0.000	     0.000
   3.600	  0	 229.105	   0.000	     0.000
   3.700	  0	 229.105	   0.000	     0.000
   3.800	  0	 229.105	   0.000	     0.000
   3.900	  0	 229.105	   0.000	     0.000
   4.000	  0	 229.105	   0.000	     0.000
   4.100	  0	 229.105	   0.000	     0.000
   4.200	  0	 229.105	   0.000	     0.000
   4.300	  0	 229.105	   0.000	     0.000
   4.400	  0	 229.105	   0.000	     0.000
   4.500	  0	 229.105	   0.000	     0.000
   4.600	  0	 229.105	   0.000	     0.000
   4.700	  0	 229.105	   0.000	     0.000
   4.800	  0	 229.105	   0.000	     0.000
   4.900	  0	 229.105	   0.000	     0.000
   5.000	  0	 229.105	   0.000	     0.000
   5.100	  0	 229.105	   0.000	     0.000
   5.200	  0	 229.105	   0.000	     0.000
   5.300	  0	 229.105	   0.000	     0.000
   5.400	  0	 229.105	   0.000	     0.000
   5.500	  0	 229.105	   0.000	     0.000
   5.600	  0	 229.105	   0.000	     0.000
   5.700	  0	 229.105	   0.000	     0.000
   5.800	  0	 229.105	   0.000	     0.000
   5.900	  0	 229.105	   0.000	     0.000
   6.000	  0	 229.105	   0.000	     0.000
   6.100	  0	 229.105	   0.000	     0.000
   6.200	  0	 228.267	   8.374	    83.740
   6.300	  0	 228.267	   0.000	    83.740
   6.400	  0	 228.267	   0.000	     0.000
   6.500	  0	 228.267	   0.000	     0.000
   6.600	  0	 228.267	   0.000	     0.000
   6.700	  0	 228.267	   0.000	     0.000
   6.800	  0	 239.069	 108.017	  1080.165
   6.900	  0	 246.868	  77.994	   300.229
   7.000	  0	 238.202	  86.668	    86.743
   7.100	  0	 208.002	 301.992	  2153.239
   7.200	  0	 185.809	 221.934	   800.581
   7.300	  0	 194.201	  83.919	  1380.148
   7.400	  0	 229.819	 356.186	  2722.667
   7.500	  0	 280.371	 505.517	  1493.314
   7.600	  0	 306.198	 258.265	  2472.522
   7.700	  0	 285.212	 209.855	   484.100
   7.800	  0	 225.657	 595.554	  3856.990
   7.900	  0	 195.658	 299.989	  2955.643
   8.000	  0	 187.856	  78.015	  2219.740
   8.100	  0	 212.137	 242.804	  1647.888
   8.200	  0	 277.622	 654.853	  4120.486
   8.300	  0	 306.663	 290.406	  3644.464
   8.400	  0	 272.855	 338.074	   476.675
   8.500	  0	 202.615	 702.399	  3643.248
   8.600	  0	 169.499	 331.161	  3712.375
   8.700	  0	 192.338	 228.390	  1027.716
   8.800	  0	 256.899	 645.606	  4172.159
   8.900	  0	 281.775	 248.759	  3968.465
   9.000	  0	 265.548	 162.262	   864.969
   9.100	  0	 203.541	 620.073	  4578.111
   9.200	  0	 178.037	 255.046	  3650.270
   9.300	  0	 186.682	  86.450	  1685.960
   9.400	  0	 221.930	 352.486	  2660.359
   9.500	  0	 282.193	 602.630	  2501.440
   9.600	  0	 269.000	 131.932	  4706.982
   9.700	  0	 209.296	 597.036	  4651.035
   9.800	  0	 193.132	 161.644	  4353.918
   9.900	  0	 211.152	 180.195	   185.516
  10.000	  0	 244.884	 337.320	  1571.251
  10.100	  0	 277.800	 329.166	    81.540
  10.200	  0	 299.234	 214.337	  1148.293
  10.300	  0	 270.751	 284.832	   704.950
  10.400	  0	 222.946	 478.046	  1932.140
  10.500	  0	 200.744	 222.026	  2560.205
  10.600	  0	 181.662	 190.818	   312.071
  10.700	  0	 152.977	 286.846	   960.280
  10.800	  0	 149.790	  31.873	  2549.738
  10.900	  0	 149.215	   5.752	   261.203
  11.000	  0	 161.969	 127.545	  1217.928
  11.100	  0	 156.400	  55.690	   718.552
  11.200	  0	 112.201	 441.994	  3863.042
  11.300	  0	  66.219	 459.814	   178.197
  11.400	  0	  50.249	 159.700	  3001.143
  11.500	  0	 100.688	 504.383	  3446.831
  11.600	  0	 135.059	 343.716	  1606.665
  11.700	  0	 189.771	 547.117	  2034.006
  11.800	  0	 244.969	 551.985	    48.680
  11.900	  0	 292.250	 472.805	   791.798
  12.000	  0	 325.297	 330.469	  1423.358
  12.100	  0	 314.269	 110.278	  2201.910
  12.200	  0	 256.223	 580.464	  4701.862
  12.300	  0	 242.324	 138.984	  4414.801
  12.400	  0	 128.876	1134.482	  9954.984
  12.500	  0	 171.747	 428.710	  7057.726
  12.600	  0	 264.068	 923.213	  4945.029
  12.700	  0	 273.715	  96.470	  8267.427
  12.800	  0	 233.350	 403.657	  3071.866
  12.900	  0	 201.693	 316.567	   870.898
  13.000	  0	 188.693	 130.000	  1865.671
  13.100	  0	 239.493	 508.003	  3780.037
  13.200	  0	 239.493	   0.000	  5080.034
  13.300	  0	 295.381	 558.879	  5588.789
  13.400	  0	 317.166	 217.845	  3410.344
  13.500	  0	 259.422	 577.431	  3595.868
  13.600	  0	 198.829	 605.934	   285.022
  13.700	  0	 237.413	 385.841	  2200.928
  13.800	  0	 199.123	 382.901	    29.401
  13.900	  0	 103.470	 956.533	  5736.320
  14.000	  0	 292.659	1891.887	  9353.543
  14.100	  0	 320.301	 276.429	 16154.579
  14.200	  0	 397.020	 767.187	  4907.581
  14.300	  0	 354.696	 423.245	  3439.423
  14.400	  0	 211.256	1434.399	 10111.539
  14.500	  0	 165.276	 459.802	  9745.964
  14.600	  0	 187.385	 221.091	  2387.114
  14.700	  0	 276.509	 891.239	  6701.485
  14.800	  0	 275.073	  14.359	  8768.810
  14.900	  0	 131.594	1434.787	 14204.280
  15.000	  0	 263.941	1323.472	  1113.144
  15.100	  0	 215.724	 482.169	  8413.029
  15.200	  0	 310.177	 944.530	  4623.608
  15.300	  0	 257.498	 526.798	  4177.319
  15.400	  0	 366.072	1085.748	  5589.502
  15.500	  0	 367.325	  12.531	 10732.175
  15.600	  0	 383.885	 165.599	  1530.685
  15.700	  0	 327.231	 566.546	  4009.467
  15.800	  0	 392.552	 653.211	   866.650
  15.900	  0	 510.240	1176.882	  5236.713
  16.000	  0	 491.554	 186.865	  9900.174
  16.100	  0	 520.601	 290.469	  1036.044
  16.200	  0	 425.102	 954.983	  6645.132
  16.300	  0	 441.249	 161.470	  7935.123
  16.400	  0	 436.555	  46.947	  1145.236
  16.500	  0	 431.856	  46.982	     0.357
  16.600	  0	 372.302	 595.541	  5485.590
  16.700	  0	 398.102	 257.994	  3375.470
  16.800	  0	 297.135	1009.671	  7516.766
  16.900	  0	 267.255	 298.801	  7108.701
  17.000	  0	 224.511	 427.440	  1286.388
  17.100	  0	 193.807	 307.040	  1204.001
  17.200	  0	 146.328	 474.782	  1677.425
  17.300	  0	 177.539	 312.103	  1626.788
  17.400	  0	 177.539	   0.000	  3121.033
  17.500	  0	 177.539	   0.000	     0.000
  17.600	  0	 262.795	 852.559	  8525.586
  17.700	  0	 262.795	   0.000	  8525.586
  17.800	  0	 262.795	   0.000	     0.000
  17.900	  0	 314.682	 518.878	  5188.779
  18.000	  0	 379.120	 644.377	  1254.987
  18.100	  0	 379.120	   0.000	  6443.765
  18.200	  0	 463.249	 841.294	  8412.936
  18.300	  0	 598.432	1351.827	  5105.338
  18.400	  0	 546.598	 518.345	  8334.827
  18.500	  0	 502.021	 445.768	   725.772
  18.600	  0	 492.260	  97.608	  3481.595
  18.700	  0	 287.124	2051.364	 19537.564
  18.800	  0	 278.442	  86.815	 19645.490
  18.900	  0	 294.498	 160.558	   737.421
  19.000	  0	 315.431	 209.336	   487.784
  19.100	  0	 469.221	1537.892	 13285.559
  19.200	  0	 470.197	   9.761	 15281.305
  19.300	  0	 479.588	  93.916	   841.547
  19.400	  0	 490.230	 106.412	   124.957
  19.500	  0	 311.771	1784.588	 16781.763
  19.600	  0	 276.698	 350.724	 14338.644
  19.700	  0	 258.306	 183.924	  1667.999
  19.800	  0	 127.193	1311.133	 11272.090
  19.900	  0	 113.217	 139.762	 11713.711
  20.000	  0	 240.520	1273.037	 11332.750
